10
17
6292 9152 7436 9724 8580 8008 4004 1144 6864 572 4576 2860 5720 3432 5148 2288 1716
45
2366 7098 4225 2873 7605 5915 1352 5408 6253 2704 3718 1183 5577 1859 3042 5239 23 3211 169 4056 6591 2028 5746 1014 1690 7436 1521 3887 4901 6084 2197 676 3549 338 6760 4732 4563 4394 6422 2535 6929 5070 507 3380 7267
100
748 15521 16643 8228 8976 8415 1122 11781 5236 1870 11220 7667 10098 3553 6919 17204 17765 11968 12903 17391 561 13651 374 10846 11407 8602 14399 1683 18139 15147 14586 4675 1496 5610 13090 9163 5984 12716 17017 8789 6732 6545 3179 15895 2244 2057 9537 17952 13838 4114 4301 9350 9911 8041 14960 13277 5423 2992 3366 18326 7293 6171 5797 11594 1309 15334 15708 9724 14773 4488 2431 2618 10472 16830 3740 3927 7480 18700 12529 10285 187 6358 18513 10659 14025 14212 2805 5049 11033 16082 16456 4862 7106 12342 7854 935 13464 12155 16269 17578
64
5992 4280 19 15408 23968 17976 16264 2140 16692 1712 15836 11984 27392 14980 18832 8132 2568 5564 26964 1284 18404 11556 22684 17548 6420 12412 5136 856 13696 19260 3424 14552 12840 23112 21828 3852 25680 21400 26108 9844 6848 22256 24824 11128 24396 14124 4708 25252 8560 2996 20116 428 19688 10700 26536 7276 8988 10272 13268 17120 9416 7704 20972 20544
68
9960 27888 8964 16434 25398 32370 7470 13944 11454 27390 996 31872 26892 26394 12948 1494 24402 14940 2490 22908 23904 29382 33864 30378 16932 6972 13446 22410 498 5478 5976 3984 20418 18426 2988 15936 28884 10956 14442 4980 9462 21414 15438 7968 29880 21912 33366 23406 1992 8466 6474 32868 17928 4482 3486 24900 18924 19422 19920 20916 28386 10458 17430 25896 12450 30876 31374 11952
35
5085 3955 7910 17515 6780 9605 11865 10735 5650 18645 6215 16385 14690 565 12430 1695 12995 15820 10170 7345 19775 11300 18080 9040 1130 8475 2825 2260 14125 16950 19210 4520 13560 15255 3390
10
15015 10010 6006 4290 2730 2310 70070 42042 19110 16170
99
3520 3080 3740 2420 3608 2068 1320 572 1408 2596 1232 2244 4312 3124 2508 3784 1672 2640 2024 4136 2288 3388 4224 1716 1056 3696 3872 2200 132 1452 3212 2464 4180 1936 264 220 4356 1012 4048 3036 3960 792 176 4092 1628 2112 308 88 3168 352 924 1100 440 2156 2992 880 2684 3564 3828 2904 2860 1804 3476 1584 2332 968 1276 1364 2376 396 704 2816 1188 2772 1892 17 2552 1760 3344 616 3432 484 748 1540 2728 4268 836 660 3916 3300 1980 4004 44 2948 3652 1848 1144 3256 528
62
52360 10472 13328 59024 46648 41888 28560 9520 3808 32368 19040 38080 5712 31416 22848 49504 29512 12376 23800 48552 14280 43792 11424 39032 33320 6664 47600 8568 7616 50456 30464 20944 57120 54264 34272 18088 27608 55216 16184 45696 952 24752 51408 44744 40936 36176 58072 2856 42840 19992 15232 25704 21896 4760 26656 1904 35224 17136 39984 37128 53312 56168
79
2720 8160 1496 8024 8976 6120 8704 8432 8296 680 7208 1360 8840 2176 5712 6664 408 10472 7072 1632 1768 7480 4760 4216 5848 1224 952 7344 816 6392 9656 2856 136 9112 10336 3536 7752 3128 10200 2448 1088 2312 4352 6528 272 2992 5032 5440 544 9792 9248 5576 3944 7616 3400 6256 3672 9520 3264 10608 8568 4896 6800 4080 7888 9928 5984 2040 4488 4624 9384 2584 6936 5304 10744 10064 5168 1904 3808